0
192
192
384
384
576
576
768
768
1344
1344
1440
1440
1536
1536
1728
1728
1920
1920
2112
2112
2304
2304
3072
3072
3264
3264
3456
3456
3648
3648
3840
3840
4608
4608
4800
4800
4992
4992
5184
5184
5376
5376
6144
6144
6336
6336
6528
6528
6720
6720
6912
6912
7680
7680
7872
7872
8064
8064
8256
8256
8448
8448
9024
9024
9216
9216
9408
9408
9600
9600
9792
9792
9984
9984
10176
10176
10368
10368
10560
10560
10752
10752
10944
10944
11136
11136
11328
11328
11520
11520
12096
12288
12480
12480
12672
12672
13056
13056
13248
13248
13440
13440
13824
13824
14016
14016
14208
14208
14496
14496
14592
14592
15360
15360
15552
15552
15744
15744
16032
16032
16128
16128
16320
16320
16512
16512
16704
16704
16800
16800
16896
16896
17088
17088
17280
17280
17472
17472
17664
17664
18048
18048
18432
18432
18624
18624
18816
18816
19200
19200
19392
19392
19584
19584
19968
19968
20160
20160
20352
20352
20640
20640
20736
20736
21504
21504
21696
21696
21888
21888
22176
22176
22272
22272
22464
22464
22656
22656
22848
22848
22944
22944
23040
23040
23232
23232
23424
23424
23616
23616
23808
23808
24000
24000
24192
24192
24384
24576
24768
24768
24960
24960
25152
25152
25344
25344
25920
25920
26016
26016
26112
26112
26304
26304
26496
26496
26688
26688
26880
26880
27648
27648
27840
27840
28032
28032
28224
28224
28416
28416
29184
29184
29376
29376
29568
29568
29760
29760
29952
29952
30720
30720
30912
30912
31104
31104
31296
31296
31488
31488
32256
32256
32448
32448
32640
32640
32832
32832
33024
33024
33600
33600
33792
33792
33984
33984
34176
34176
34368
34368
34560
34560
34752
34752
34944
34944
35136
35136
35328
35328
35520
35520
35712
35712
35904
35904
36096
36096
36672
36864
37056
37056
37248
37248
37632
37632
37824
37824
38016
38016
38400
38400
38592
38592
38784
38784
39072
39072
39168
39168
39936
39936
40128
40128
40320
40320
40608
40608
40704
40704
40896
40896
41088
41088
41280
41280
41376
41376
41472
41472
41664
41664
41856
41856
42048
42048
42240
42240
42624
42624
43008
43008
43200
43200
43392
43392
43776
43776
43968
43968
44160
44160
44544
44544
44736
44736
44928
44928
45216
45216
45312
45312
46080
46080
46272
46272
46464
46464
46752
46752
46848
46848
47040
47040
47232
47232
47424
47424
47520
47520
47616
47616
47808
47808
48000
48000
48192
48192
48384
48384
48576
48576
48768
48768
48960
12288
12480
12672
12864
13056
13248
13440
13632
13824
14016
14208
14400
14592
14784
14976
15168
15360
15552
15744
15936
16128
16320
16512
16704
16896
17664
17664
18048
18048
18432
18432
18624
18816
19008
19200
19392
19584
19776
19968
20160
20352
20544
20736
20928
21120
21312
21504
21696
21888
22080
22272
22464
22656
22848
23040
23424
23424
23808
23808
24000
36864
37056
37248
37440
37632
37824
38016
38208
38400
38592
38784
38976
39168
39360
39552
39744
39936
40128
40320
40512
40704
40896
41088
41280
41472
42240
42240
42624
42624
43008
43008
43200
43392
43584
43776
43968
44160
44352
44544
44736
44928
45120
45312
45504
45696
45888
46080
46272
46464
46656
46848
47040
47232
47424
47616
48000
48000
48384
48384
48576
12288
12480
12672
12864
13056
13248
13440
13632
13824
14016
14208
14400
14592
14784
14976
15168
15360
15552
15744
15936
16128
16320
16512
16704
16896
17664
17664
18048
18048
18432
18432
18624
18816
19008
19200
19392
19584
19776
19968
20160
20352
20544
20736
20928
21120
21312
21504
21696
21888
22080
22272
22464
22656
22848
23040
23424
23424
23808
23808
24000
24576
24624
24768
24816
24960
25008
25152
25200
25344
25392
25536
25584
25728
25776
25920
25968
26112
26160
26304
26352
26496
26544
26688
26736
26880
26928
27072
27120
27264
27312
27456
27504
27648
27696
27840
27888
28032
28080
28224
28272
28416
28464
28608
28656
28800
28848
28992
29040
29184
29232
29376
29424
29568
29616
29760
29808
29952
30000
30144
30192
30336
30384
30528
30576
30720
30768
30912
30960
31104
31152
31296
31344
31488
31536
31680
31728
31872
31920
32064
32112
32256
32304
32448
32496
32640
32688
32832
32880
33024
33072
33216
33264
33408
33456
33600
33648
33792
33840
33984
34032
34176
34224
34368
34416
34560
34608
34752
34800
34944
34992
35136
35184
35328
35376
35520
35568
35712
35760
35904
35952
36096
36144
36288
36336
36480
36528
36864
37056
37248
37440
37632
37824
38016
38208
38400
38592
38784
38976
39168
39360
39552
39744
39936
40128
40320
40512
40704
40896
41088
41280
41472
42240
42240
42624
42624
43008
43008
43200
43392
43584
43776
43968
44160
44352
44544
44736
44928
45120
45312
45504
45696
45888
46080
46272
46464
46656
46848
47040
47232
47424
47616
48000
48000
48384
48384
48576
0
192
192
384
384
576
576
768
768
960
960
1152
1152
1344
1344
1536
1536
1728
1728
1920
1920
2112
2112
2304
2304
2496
2496
2688
2688
2880
2880
3072
3072
3264
3264
3456
3456
3648
3648
3840
3840
4032
4032
4224
4224
4416
4416
4608
4608
4800
4800
4992
4992
5184
5184
5376
5376
5568
5568
5760
5760
5952
5952
6144
6144
6336
6336
6528
6528
6720
6720
6912
6912
7104
7104
7296
7296
7488
7488
7680
7680
7872
7872
8064
8064
8256
8256
8448
8448
8640
8640
8832
8832
9024
9024
9216
9216
9408
9408
9600
9600
9792
9792
9984
9984
10176
10176
10368
10368
10560
10560
10752
10752
10944
10944
11136
11136
11328
11328
11520
11520
11712
11712
11904
11904
12096
12288
12480
12672
12864
13056
13248
13440
13632
13824
14016
14208
14400
14592
14784
14976
15168
15360
15552
15744
15936
16128
16320
16512
16704
16896
17664
17664
18048
18048
18432
18432
18624
18816
19008
19200
19392
19584
19776
19968
20160
20352
20544
20736
20928
21120
21312
21504
21696
21888
22080
22272
22464
22656
22848
23040
23424
23424
23808
23808
24000
24000
24192
24192
24384
24576
24768
24768
24960
24960
25152
25152
25344
25344
25536
25536
25728
25728
25920
25920
26112
26112
26304
26304
26496
26496
26688
26688
26880
26880
27072
27072
27264
27264
27456
27456
27648
27648
27840
27840
28032
28032
28224
28224
28416
28416
28608
28608
28800
28800
28992
28992
29184
29184
29376
29376
29568
29568
29760
29760
29952
29952
30144
30144
30336
30336
30528
30528
30720
30720
30912
30912
31104
31104
31296
31296
31488
31488
31680
31680
31872
31872
32064
32064
32256
32256
32448
32448
32640
32640
32832
32832
33024
33024
33216
33216
33408
33408
33600
33600
33792
33792
33984
33984
34176
34176
34368
34368
34560
34560
34752
34752
34944
34944
35136
35136
35328
35328
35520
35520
35712
35712
35904
35904
36096
36096
36288
36288
36480
36480
36672
36864
37056
37248
37440
37632
37824
38016
38208
38400
38592
38784
38976
39168
39360
39552
39744
39936
40128
40320
40512
40704
40896
41088
41280
41472
42240
42240
42624
42624
43008
43008
43200
43392
43584
43776
43968
44160
44352
44544
44736
44928
45120
45312
45504
45696
45888
46080
46272
46464
46656
46848
47040
47232
47424
47616
48000
48000
48384
48384
48576
48576
48768
48768
48960